{
 "cells": [
  {
   "cell_type": "code",
   "execution_count": 1,
   "metadata": {},
   "outputs": [],
   "source": [
    "import numpy\n",
    "q=numpy.loadtxt(open(\"../../correlation/PCA_corrcoef.csv\", \"rb\"), delimiter=\",\", skiprows=0)\n",
    "cmatrix = q.tolist()"
   ]
  },
  {
   "cell_type": "code",
   "execution_count": 2,
   "metadata": {},
   "outputs": [],
   "source": [
    "from pyecharts import options as opts\n",
    "from pyecharts.charts import HeatMap\n",
    "\n",
    "key = ['Vowel', 'Overlay', 'Frequency', 'Entropy']\n",
    "value = [[i, j,'%.2f' % cmatrix[i][j]] for i in range(4) for j in range(4)]\n",
    "c = (\n",
    "    HeatMap()\n",
    "    .add_xaxis(key)\n",
    "    .add_yaxis(\n",
    "        \"\",\n",
    "        key,\n",
    "        value,\n",
    "        label_opts=opts.LabelOpts(is_show=True, position=\"inside\"),\n",
    "    )\n",
    "    .set_global_opts(\n",
    "        title_opts=opts.TitleOpts(title=\"4 Factor Correlation\"),\n",
    "        visualmap_opts=opts.VisualMapOpts(min_=-1, max_=1, is_calculable=True, orient=\"horizontal\", pos_left=\"center\"),\n",
    "        \n",
    "    )\n",
    "    .render(\"result.html\")\n",
    ")\n"
   ]
  },
  {
   "cell_type": "code",
   "execution_count": 13,
   "metadata": {},
   "outputs": [],
   "source": [
    "from pyecharts import options as opts\n",
    "from pyecharts.charts import HeatMap\n",
    "\n",
    "key = ['Mean', 'Variance', 'X1', 'X2', 'X3', 'X4', 'X5', 'Y1', 'Y2', 'Y3']\n",
    "length = len(cmatrix)\n",
    "value = [[i, j,'%.2f' % cmatrix[i][j]] for i in range(length) for j in range(length)]\n",
    "c = (\n",
    "    HeatMap()\n",
    "    .add_xaxis(key)\n",
    "    .add_yaxis(\n",
    "        \"\",\n",
    "        key,\n",
    "        value,\n",
    "        label_opts=opts.LabelOpts(is_show=True, position=\"inside\"),\n",
    "    )\n",
    "    .set_global_opts(\n",
    "        title_opts=opts.TitleOpts(title=\"4 Factor Correlation\"),\n",
    "        visualmap_opts=opts.VisualMapOpts(min_=-1, max_=1, is_calculable=True, orient=\"horizontal\", pos_left=\"center\"),\n",
    "        \n",
    "    )\n",
    "    .render(\"result.html\")\n",
    ")\n"
   ]
  },
  {
   "attachments": {},
   "cell_type": "markdown",
   "metadata": {},
   "source": [
    "## All factors"
   ]
  },
  {
   "cell_type": "code",
   "execution_count": 10,
   "metadata": {},
   "outputs": [
    {
     "data": {
      "text/plain": [
       "[[1.0,\n",
       "  0.344728846288624,\n",
       "  -0.0769905805503125,\n",
       "  0.400476017320109,\n",
       "  -0.161428370341952,\n",
       "  -0.553623550601132,\n",
       "  0.0482961870254093,\n",
       "  -0.535724300070236,\n",
       "  -0.000840577298685411,\n",
       "  0.000278234153042594],\n",
       " [0.344728846288624,\n",
       "  1.0,\n",
       "  0.0095956437376799,\n",
       "  -0.120539208805688,\n",
       "  0.0528610927428491,\n",
       "  0.200545906213703,\n",
       "  -0.245264799240464,\n",
       "  0.211527387338922,\n",
       "  -0.143765432749156,\n",
       "  0.0244985426087842],\n",
       " [-0.0769905805503125,\n",
       "  0.0095956437376799,\n",
       "  1.0,\n",
       "  0.0392964372764495,\n",
       "  0.0139796102219213,\n",
       "  0.260059440119738,\n",
       "  0.0808025679945533,\n",
       "  0.275215752602795,\n",
       "  0.665732413109349,\n",
       "  0.577828522672711],\n",
       " [0.400476017320109,\n",
       "  -0.120539208805688,\n",
       "  0.0392964372764495,\n",
       "  1.0,\n",
       "  -0.0413837319873323,\n",
       "  -0.595850425101134,\n",
       "  0.0869112143870144,\n",
       "  -0.827125327286406,\n",
       "  0.0806145621896784,\n",
       "  0.368395242742118],\n",
       " [-0.161428370341952,\n",
       "  0.0528610927428491,\n",
       "  0.0139796102219213,\n",
       "  -0.0413837319873323,\n",
       "  1.0,\n",
       "  0.077057751567091,\n",
       "  -0.115729989603144,\n",
       "  0.202182812945726,\n",
       "  -0.440270770908393,\n",
       "  0.720370652336242],\n",
       " [-0.553623550601132,\n",
       "  0.200545906213703,\n",
       "  0.260059440119738,\n",
       "  -0.595850425101134,\n",
       "  0.077057751567091,\n",
       "  1.0,\n",
       "  -0.101043623772642,\n",
       "  0.900555587732947,\n",
       "  0.155755926370831,\n",
       "  -0.036037049773968],\n",
       " [0.0482961870254093,\n",
       "  -0.245264799240464,\n",
       "  0.0808025679945533,\n",
       "  0.0869112143870144,\n",
       "  -0.115729989603144,\n",
       "  -0.101043623772642,\n",
       "  1.0,\n",
       "  -0.244324148559542,\n",
       "  0.686989522866082,\n",
       "  -0.133316034384796],\n",
       " [-0.535724300070236,\n",
       "  0.211527387338922,\n",
       "  0.275215752602795,\n",
       "  -0.827125327286406,\n",
       "  0.202182812945726,\n",
       "  0.900555587732947,\n",
       "  -0.244324148559542,\n",
       "  1.0,\n",
       "  0.0,\n",
       "  6.16e-05],\n",
       " [-0.000840577298685411,\n",
       "  -0.143765432749156,\n",
       "  0.665732413109349,\n",
       "  0.0806145621896784,\n",
       "  -0.440270770908393,\n",
       "  0.155755926370831,\n",
       "  0.686989522866082,\n",
       "  0.0,\n",
       "  1.0,\n",
       "  1.89e-05],\n",
       " [0.000278234153042594,\n",
       "  0.0244985426087842,\n",
       "  0.577828522672711,\n",
       "  0.368395242742118,\n",
       "  0.720370652336242,\n",
       "  -0.036037049773968,\n",
       "  -0.133316034384796,\n",
       "  6.16e-05,\n",
       "  1.89e-05,\n",
       "  1.0]]"
      ]
     },
     "execution_count": 10,
     "metadata": {},
     "output_type": "execute_result"
    }
   ],
   "source": [
    "import numpy\n",
    "q=numpy.loadtxt(open(\"../../correlation/correlation.csv\", \"rb\"), delimiter=\",\", skiprows=1)\n",
    "cmatrix = q.tolist()\n",
    "cmatrix"
   ]
  }
 ],
 "metadata": {
  "kernelspec": {
   "display_name": "Python 3",
   "language": "python",
   "name": "python3"
  },
  "language_info": {
   "codemirror_mode": {
    "name": "ipython",
    "version": 3
   },
   "file_extension": ".py",
   "mimetype": "text/x-python",
   "name": "python",
   "nbconvert_exporter": "python",
   "pygments_lexer": "ipython3",
   "version": "3.10.9"
  },
  "orig_nbformat": 4,
  "vscode": {
   "interpreter": {
    "hash": "e7370f93d1d0cde622a1f8e1c04877d8463912d04d973331ad4851f04de6915a"
   }
  }
 },
 "nbformat": 4,
 "nbformat_minor": 2
}
