w1=0.49869271484421046;
w2=0.10392647361257541;
w3=0.030366649292800727;
w4=0.006862781735532892;
w5=0.015528315092912963;
w6=0.06552107657164635;
w7=0.27910198885032117;
t1=0;t2=3;t3=13;t4=29;t5=32;t6=17;t7=5;
score=w1*t1+w2*t2+w3*t3+w4*t4+w5*t5+w6*t6+w7*t7;